THESE ARE THE USER IDS THAT HAVE ACCESS TO THE LAUNCHER
713597895739310183
445157998965424139
447534504202993667
650790614262087710
458362636753436684
622807186766168065
523698777194758145
566641652744323112
743631319925391420
721341252649353256
546211976674803712
604465001104801814
300605559982260225
639991034671005755
723559084275531936
586251930347765760
504448006997934091
541083002323861504
732794643275710616
298501623313989636
774282574276067349
723024161965867048
275157307695038464
329883163306491905
367908486782124033
241807991748296714
495162092106547200
806370384215277610
647624122893074432
786870115509469185
377148912990945310
784499790607548486
270943211533369344
628510537138962432
512243128124833813
597615306386702337
653636907078647818
543813353454436368
259646766150844417
760852436989902899
448975042450292756
749163830596337674
761182897432297492
397244496586211339
608931171266461707
553489004448710656
396980706045198336
408936309953134603
706856039336640612
537916756342341632
426510285579485215
494578871732273183
734512735433392158
609396592226730022
446599402858217472
680248367456321556
695645466838171658
558486581283913730
723927326127030325
480987124405895168
715301594073399361
453196499858358284
769405866385604638
618887308271419395
612810880924516352
674113612058591253
576264580989190168
763738856205844491
